0.35 meanIS 0.01 stdIS
0.75 meanCancer 0.01 stdIS
75
              34
              37
              30
              30
              36
              44
              
              75
              34
              37
              30
              
              34
              37
              34
              32
              39
              43
              37
              34
              29
              31
              73
              80
              
              3
              3
              6
              7
              3
              3
              2
              3
              23
              32
              0
              0
              0
              0
              38.84796949199853
              0.03124462921792892
              77.18520207467914
              0.041144189804025455

Elimination Phase    
 0.7 - 0.5
 0.3 - 0.5
 
 74,
              209,
              23,
              58,
              174,
              88,
              85,
             # 74,
             # 209,
             # 23,
             # 58,
              97,
              27,
              41,
              55,
              81,
              54,
              17,
              0,
              137,
              0,
              97,
              70,
              8,
              18,
              0,
              3,
              3,
              7,
              6,
              13,
              51,
              88,
              100,
              0,
              0,
              0,
              
              88.7828890243922,
              0.043124533356891925,
              
              77.06917974622104,
              0.041123022349767835
 
 Equilibrium phase
 0.3
 0.15 <- Preguntar si es 0.1 o 0.15
 
iniciales = [
            10,
             58,
             7,
             102,
             64,
             6,
             23,
             # 0,
             # 58,
             # 7,
             # 102,
             39,
             95,
             129,
             94,
             12,
             63,
             20,
             0,
             106,
             23,
             0,
             17,
             2,
             3,
             7,
             3,
             3,
             6,
             12,
             5,
             135,
             86,
             61,
             45,
             47,
             22,
             64.73848052129154,
             0.03862481425295483,
             61.27470600993593,
             0.03783708134842523
            ]
 
 Fase de escape
 0.4
 0.6
 
 4,
              71,
              68,
              37,
              66,
              59,
              41,
              #4,
              #71,
              #68,
              #37,
              97,
              0,
              152,
              96,
              24,
              59,
              11,
              25,
              72,
              67,
              4,
              26,
              4,
              3,
              10,
              4,
              7,
              7,
              2,
              5,
              179,
              122,
              128,
              12,
              77,
              38,
              9.635328315748348,
              0.013732375032412758,
              61.95419835480327,
              0.03799592737219082
